  51143
  51914
  52942
  53713
  54484
  56540
  57311
  57568
  58082
  58596
  58853
  59110
  59367
  59624
  59881
  60395
  60395
  60652
  60652
  61423
  61423
  61680
  61937
  61937
  62194
  62451
  62451
  62708
  62708
  62965
  62965
  62708
  62965
  62965
  62965
  62708
  62708
  62451
  62451
  61937
  61680
  61680
  61423
  61423
  60909
  60909
  60652
  60395
  60395
  60138
  60138
  59624
  59110
  58853
  58596
  58339
  58082
  57568
  57311
  56797
  56283
  55769
  55255
  54484
  51400
  52942
  53456
  53713
  54741
  56540
  57568
  57825
  58339
  58853
  59110
  59110
  59624
  59881
  60138
  60395
  60652
  60909
  60909
  61423
  61680
  61680
  61937
  61937
  62194
  62451
  62708
  62708
  62708
  62708
  62965
  62965
  62965
  62965
  62708
  62708
  62708
  62708
  62451
  62451
  61937
  61680
  61680
  61423
  61423
  61166
  60652
  60652
  60395
  60138
  60138
  59624
  59110
  58853
  58596
  58339
  58082
  57568
  57311
  57054
  56283
  56026
  55512
  54998
  52171
  53199
  53456
  53970
  54484
  56540
  57825
  57825
  58339
  58596
  58853
  59367
  59624
  59881
  60395
  60395
  60652
  60909
  60909
  61423
  61680
  61680
  61937
  61937
  62194
  62451
  62708
  62708
  62708
  62708
  62965
  63222
  62965
  63222
  62965
  62965
  62965
  62965
  62451
  62194
  62194
  61680
  61423
  61166
  61423
  61166
  60652
  60652
  60652
  60395
  60138
  59624
  59367
  59110
  58853
  58339
  58082
  57568
  57311
  56797
  56540
  56026
  55512
  54998
  52942
  53456
  53456
  54227
  54741
  56540
  57568
  57825
  58339
  58596
  58853
  59367
  59624
  59881
  60138
  60395
  60652
  60909
  60909
  61423
  61680
  61937
  61937
  62451
  62708
  62708
  62708
  62708
  62965
  62965
  63222
  63222
  63222
  63222
  62708
  63222
  62965
  62708
  62708
  62451
  62194
  61937
  61937
  61680
  61166
  61166
  60909
  60909
  60652
  60138
  59881
  59624
  59367
  59367
  58853
  58339
  58082
  57825
  57311
  57054
  56540
  56026
  55512
  55255
  52942
  53456
  53970
  54227
  54998
  56540
  57568
  57825
  58339
  58596
  59110
  59367
  59624
  59881
  60395
  60395
  60652
  60909
  60909
  61423
  61680
  61680
  61937
  62451
  62708
  62965
  62965
  62965
  62965
  62965
  63222
  62965
  63222
  58082
  45746
  49344
  61680
  62965
  62708
  62451
  62451
  62194
  61937
  61423
  60652
  61166
  61166
  60652
  60652
  60395
  60138
  59881
  59367
  59110
  58596
  58339
  58082
  57825
  57311
  57054
  56540
  56026
  55512
  55255
  52942
  53456
  53970
  54484
  54998
  56797
  57568
  57825
  58596
  58853
  59110
  59367
  59881
  59881
  60395
  60652
  60652
  60909
  61166
  61423
  61680
  61937
  62194
  62451
  62708
  63222
  62965
  62965
  63222
  62965
  62965
  63222
  62194
  40863
  33667
  33667
  51657
  62965
  62708
  62708
  62451
  62451
  60909
  48059
  41891
  53456
  61166
  61166
  60909
  60652
  60138
  59881
  59624
  59367
  58853
  58596
  58082
  57825
  57311
  57054
  56540
  56283
  55769
  55255
  53199
  53456
  53970
  54484
  55255
  57054
  57568
  57825
  58339
  58596
  59367
  59624
  59881
  59881
  60395
  60652
  60652
  61166
  61423
  61680
  61937
  62451
  62451
  62708
  62708
  63222
  62965
  63222
  62965
  62965
  63222
  63222
  59881
  32382
  32125
  31354
  41377
  61680
  62708
  62708
  62708
  62708
  53456
  32639
  31868
  37265
  58596
  60909
  60652
  60652
  60138
  59881
  59624
  59367
  59110
  58596
  58082
  57825
  57311
  56797
  56540
  56283
  56026
  55255
  53199
  53970
  54227
  54484
  55255
  56797
  57568
  57825
  58339
  58596
  59367
  59624
  59881
  60138
  60395
  60909
  61166
  61423
  61423
  61680
  61937
  62451
  62451
  62708
  62708
  62965
  62965
  63222
  62965
  63479
  63479
  63222
  59881
  31097
  29555
  30069
  37522
  60652
  62451
  62965
  62708
  62965
  49087
  30326
  32382
  31097
  54484
  61166
  60652
  60395
  60138
  59881
  59367
  59367
  59110
  58853
  58339
  57825
  57311
  57054
  56540
  56283
  55769
  55255
  53199
  53970
  54227
  54484
  55255
  57054
  57568
  57825
  58339
  58853
  59367
  59624
  59881
  60138
  60652
  60909
  61166
  61423
  61680
  61937
  61937
  62451
  62451
  62708
  62708
  62965
  63222
  63222
  63479
  63736
  63479
  63479
  61680
  35723
  29298
  31097
  35209
  58082
  62708
  62708
  62708
  62965
  47288
  30069
  31354
  28527
  52428
  61423
  60652
  60652
  60395
  60138
  59881
  59624
  59110
  58596
  58339
  57825
  57568
  57054
  56797
  56283
  55769
  55512
  53456
  53970
  54227
  54484
  55255
  57054
  57568
  57825
  58596
  59110
  59367
  59624
  59881
  60138
  60652
  60909
  61166
  61423
  61680
  61937
  62194
  62451
  62451
  62708
  62708
  63222
  63222
  63222
  63222
  60652
  60652
  63222
  62708
  41377
  29812
  32639
  32125
  53970
  62965
  62965
  62708
  62965
  47288
  30326
  31097
  28013
  51143
  61423
  60909
  60909
  60652
  60138
  59881
  59624
  59110
  58596
  58339
  57825
  57568
  57311
  56540
  56283
  55769
  55512
  53456
  53970
  54227
  54484
  55255
  56797
  57311
  57825
  58596
  59110
  59367
  59624
  59881
  60138
  60395
  61166
  61423
  61680
  61680
  61937
  61937
  62194
  62451
  62451
  62965
  62965
  62965
  63222
  56283
  39064
  39321
  58082
  62965
  45746
  28784
  34438
  31611
  48573
  63222
  62965
  62965
  62965
  47031
  31354
  32639
  27756
  48830
  61680
  61166
  60909
  60652
  60395
  60138
  59881
  59367
  58853
  58082
  57825
  57568
  57311
  56797
  56283
  55769
  55512
  53970
  54227
  54484
  54741
  55255
  57054
  57568
  57825
  58853
  59110
  59367
  59624
  59881
  60395
  60652
  60909
  61166
  61680
  61680
  61680
  61937
  62194
  62451
  62708
  62965
  62965
  62965
  62708
  42662
  32639
  31868
  48830
  62965
  48059
  27242
  34438
  31611
  43690
  62965
  62965
  62708
  62708
  46774
  30840
  34438
  28270
  46774
  61680
  60909
  61166
  60652
  60395
  60138
  59624
  59367
  59110
  58082
  58082
  57825
  57311
  57054
  56283
  55769
  55512
  53970
  54227
  54484
  54741
  55512
  57311
  57568
  57825
  58596
  58853
  59367
  59881
  60138
  60395
  60652
  60909
  61423
  61680
  61680
  61680
  62194
  62194
  62708
  62708
  62708
  62965
  63222
  61423
  34695
  31354
  30069
  44204
  62194
  51400
  26728
  31611
  32125
  38550
  61680
  62965
  62708
  62965
  45746
  28270
  32639
  27756
  45746
  61680
  60909
  61166
  60652
  60138
  59624
  59624
  59367
  58853
  58339
  58339
  57825
  57568
  57311
  56283
  55769
  55512
  53970
  54484
  54484
  54741
  55769
  57311
  57825
  58082
  58853
  59110
  59624
  60138
  60395
  60652
  61166
  61423
  61423
  61680
  61680
  61680
  62194
  62451
  62708
  62708
  62965
  62965
  63222
  61166
  33924
  28527
  28527
  41891
  61423
  54484
  30326
  33924
  35980
  36494
  60138
  62965
  62708
  62451
  45489
  30840
  34181
  28270
  45232
  61423
  61166
  60909
  60909
  60138
  59881
  59624
  59367
  58853
  58596
  58339
  58082
  57568
  57311
  56540
  56026
  55769
  53970
  54484
  54484
  54741
  55769
  57568
  58082
  58339
  58853
  59367
  59624
  60138
  60395
  60652
  61166
  61423
  61423
  61680
  61680
  61937
  62194
  62451
  62708
  62708
  62965
  62965
  63222
  62194
  38550
  28527
  30326
  40092
  60395
  56797
  33924
  33924
  36237
  35980
  57568
  62708
  62965
  62965
  45746
  32896
  35723
  31611
  44718
  61423
  61423
  60909
  60909
  60652
  59881
  59624
  59624
  59367
  58596
  58596
  58082
  57825
  57311
  56797
  56283
  55769
  54227
  54484
  54741
  54741
  55769
  57568
  58082
  58339
  59110
  59367
  59624
  60138
  60395
  60909
  61166
  61423
  61423
  61937
  62194
  62194
  62194
  62451
  62708
  62708
  62965
  63222
  62965
  62965
  44204
  28527
  32896
  37008
  58596
  58082
  36237
  33667
  35723
  34952
  53199
  62708
  62708
  62708
  44718
  34181
  36494
  32896
  43690
  61423
  61423
  61166
  60909
  60652
  60138
  59624
  59624
  59367
  59110
  58596
  58082
  57825
  57568
  57054
  56540
  56283
  54227
  54484
  54998
  54998
  55512
  57568
  58082
  58596
  59367
  59367
  59624
  60138
  60652
  60909
  61423
  61680
  61680
  61680
  61937
  62451
  62708
  62965
  62708
  62708
  63222
  63222
  63222
  63222
  47545
  29298
  34181
  34181
  55769
  59367
  38036
  33667
  36237
  34695
  47802
  62194
  62194
  61937
  43433
  34952
  37008
  33667
  42148
  61166
  61166
  61166
  60909
  60652
  60138
  59881
  59881
  59367
  59110
  58596
  58339
  57825
  57568
  57054
  56540
  56026
  54227
  54484
  54741
  54741
  55769
  57568
  58082
  58596
  59367
  59624
  59881
  60138
  60652
  60909
  61166
  61423
  61680
  61937
  62451
  62451
  62708
  62965
  63222
  63222
  63479
  63222
  63479
  63479
  50629
  28784
  34181
  31868
  52171
  60652
  39578
  33667
  36751
  35723
  42405
  61166
  62451
  61937
  41377
  34695
  36494
  33924
  39578
  60395
  61423
  61423
  60909
  60395
  60395
  60138
  59624
  59367
  58853
  58596
  58339
  57825
  57568
  57054
  56540
  56283
  54484
  54741
  54741
  54998
  56026
  57568
  58082
  58853
  59367
  59624
  59881
  60138
  60652
  60909
  61166
  61423
  61423
  61937
  62451
  62708
  62708
  62965
  63222
  63479
  63479
  63479
  63479
  63222
  52942
  29298
  32125
  31097
  48573
  60909
  41377
  33153
  35723
  35980
  38036
  59110
  62451
  60909
  37779
  32639
  35209
  34181
  37779
  59881
  61166
  61423
  60652
  60395
  60395
  60138
  59624
  59367
  58853
  58596
  58339
  57825
  57568
  57054
  56797
  56283
  54227
  54484
  54741
  54998
  56026
  57568
  58339
  58596
  59367
  59624
  59881
  59881
  60652
  61166
  61423
  61680
  61680
  62194
  62451
  62708
  62708
  62708
  63222
  63222
  63479
  63479
  63479
  63222
  55769
  30583
  32896
  33667
  44461
  61166
  42919
  29812
  31868
  34952
  33410
  56026
  62708
  59881
  36237
  33410
  34952
  32382
  35723
  59367
  60909
  60652
  60395
  60395
  60395
  60138
  59624
  59624
  58853
  58596
  58339
  57568
  57568
  57054
  56797
  56283
  54227
  54741
  54741
  55512
  56026
  57568
  58339
  58596
  59367
  59624
  59881
  60138
  60652
  61166
  61423
  61680
  61680
  62194
  62451
  62708
  62708
  62965
  63222
  63479
  63479
  63479
  63736
  63222
  58339
  34438
  33667
  34952
  40092
  60395
  44975
  29041
  32639
  35980
  31611
  52942
  62708
  58082
  36237
  36237
  38036
  33667
  35466
  59110
  60395
  60395
  60652
  60395
  60395
  59881
  59624
  59624
  58853
  58339
  58082
  57568
  57568
  57311
  56797
  56283
  54227
  54741
  54741
  55512
  56026
  57568
  58082
  58596
  59367
  59624
  59881
  60138
  60652
  61423
  61423
  61680
  61680
  62194
  62451
  62708
  62708
  62965
  63479
  63479
  63736
  63994
  63736
  62965
  60138
  36751
  33667
  35466
  37265
  57568
  49087
  31611
  35723
  38036
  33410
  51400
  62708
  56797
  36237
  36751
  38036
  33924
  36751
  59110
  59881
  60395
  60652
  60395
  60395
  59881
  59624
  59624
  58853
  58339
  57825
  57825
  57568
  57311
  56797
  56540
  54227
  54741
  54741
  55512
  56026
  57311
  57825
  58596
  59367
  59367
  60138
  60395
  60652
  61423
  61423
  61680
  61937
  62194
  62451
  62708
  62708
  62965
  63222
  59110
  58082
  63222
  63736
  63222
  61680
  39835
  33924
  36237
  35209
  51914
  52685
  33153
  36751
  38550
  33667
  49344
  62708
  55255
  37008
  37522
  38036
  33153
  38550
  59110
  59881
  60395
  60652
  60395
  60395
  59881
  59624
  59367
  58596
  58339
  58082
  57568
  57311
  57311
  56797
  56283
  54227
  54741
  54741
  55255
  56026
  57568
  58082
  58596
  59367
  59624
  59881
  60395
  60652
  61166
  61423
  61680
  61680
  62194
  62451
  62708
  62708
  63222
  58596
  41377
  39321
  57054
  63736
  63222
  62194
  43176
  34695
  36494
  34952
  45232
  53970
  33667
  37265
  36751
  33153
  47288
  62708
  53970
  37522
  38036
  37779
  32382
  41120
  60138
  60395
  60395
  60395
  60395
  60395
  60138
  59624
  59367
  58596
  58596
  58082
  57825
  57311
  57054
  56283
  56283
  54227
  54741
  54741
  54998
  56026
  57311
  57825
  58596
  59110
  59367
  59881
  60138
  60395
  60909
  61166
  61423
  61680
  62194
  62451
  62708
  62708
  63222
  50629
  32639
  34695
  45489
  63479
  63479
  62708
  46517
  33924
  35209
  33924
  37522
  54227
  33924
  35723
  33924
  32382
  44461
  62194
  52685
  38293
  38293
  37779
  31097
  43176
  60395
  60138
  60395
  60652
  60395
  60395
  60138
  59624
  59367
  58596
  58339
  58082
  57568
  57311
  56797
  56540
  56026
  54227
  54741
  54741
  54998
  56026
  57568
  58082
  58596
  59367
  59367
  59881
  59881
  60395
  60909
  61166
  61423
  61680
  61937
  62194
  62708
  62708
  62708
  47031
  29298
  33153
  37008
  61937
  63736
  62965
  48830
  32896
  35466
  35466
  34181
  53456
  34695
  33410
  33153
  33924
  42405
  61680
  50115
  38036
  38036
  37522
  30583
  44718
  60652
  60138
  60652
  60395
  60395
  60395
  60138
  59624
  59367
  58596
  58596
  58082
  57568
  57311
  56797
  56540
  55769
  53970
  54484
  54741
  54998
  56283
  57311
  58082
  58596
  58853
  59367
  59624
  60138
  60395
  60652
  61166
  61166
  61680
  61937
  62194
  62451
  62708
  62965
  48316
  28013
  30069
  32382
  59367
  63736
  63222
  51657
  31611
  36751
  38550
  35980
  51657
  36751
  30326
  31354
  33153
  39835
  59624
  44975
  37522
  37522
  36494
  30069
  46003
  60395
  60138
  60395
  60652
  60395
  60138
  59624
  59367
  59110
  58596
  58339
  57568
  57568
  57311
  56797
  56283
  55769
  53713
  54227
  54484
  54998
  56026
  57311
  57825
  58339
  58853
  59367
  59624
  60138
  60395
  60652
  61166
  61166
  61423
  61680
  62194
  62451
  62708
  62708
  51657
  28013
  30840
  31611
  54998
  63736
  62965
  55512
  33410
  37522
  38807
  36751
  48059
  38807
  25957
  28013
  32382
  37008
  53713
  40606
  38036
  37008
  35209
  29555
  47031
  60395
  60138
  60395
  60395
  60395
  60138
  59624
  59367
  59110
  58596
  58082
  57568
  57568
  57311
  56540
  56283
  55769
  53713
  54227
  54484
  54741
  55769
  57311
  57825
  58339
  58853
  59110
  59367
  59881
  60395
  60395
  60652
  60909
  61423
  61423
  61937
  62194
  62451
  62451
  54741
  28013
  30326
  30069
  48573
  63994
  63222
  58596
  36494
  35980
  38293
  37008
  43176
  42662
  24158
  24929
  32382
  31868
  39578
  39064
  38293
  38036
  35209
  28527
  47802
  60138
  59881
  60395
  60395
  60138
  59881
  59624
  59110
  58596
  58339
  57825
  57311
  57311
  57054
  56283
  56026
  55512
  53456
  53970
  54227
  54741
  55769
  57311
  57825
  58082
  58596
  59110
  59367
  59881
  60138
  60395
  60652
  60652
  61166
  61423
  61937
  62194
  62451
  62194
  57054
  30069
  29298
  30326
  39835
  61680
  62965
  60909
  41377
  34695
  38036
  37522
  38550
  42148
  24929
  22616
  31097
  30069
  30840
  37265
  38807
  39064
  35723
  29041
  48059
  59881
  59624
  60138
  59881
  60138
  59881
  59624
  59110
  58596
  58082
  57825
  57311
  57311
  57054
  56026
  55769
  55255
  53456
  53713
  54227
  54741
  55512
  57054
  57825
  58082
  58339
  58853
  59110
  59624
  59624
  60395
  60652
  60652
  60909
  61166
  61423
  61937
  62451
  62194
  58853
  33667
  28270
  31611
  34695
  57054
  62965
  61937
  44975
  33153
  38293
  38807
  36494
  36751
  25957
  20046
  27756
  31611
  29812
  33410
  38550
  38550
  35466
  29041
  47031
  59881
  59881
  60138
  59881
  60138
  59624
  59367
  58853
  58596
  58082
  57825
  57311
  57054
  56540
  56026
  55769
  55255
  53199
  53713
  54227
  54484
  55512
  56797
  57568
  57825
  58339
  58853
  59110
  59367
  59624
  60395
  60395
  60652
  60652
  60909
  61423
  61680
  61937
  61937
  60652
  37265
  26728
  34181
  35209
  47288
  62451
  61680
  49344
  31611
  37265
  39321
  37779
  36751
  28013
  18761
  25443
  31611
  31611
  29298
  35723
  37522
  34695
  28270
  46260
  59624
  59624
  59881
  59881
  59624
  59367
  58853
  58596
  58339
  58082
  57568
  57311
  56797
  56283
  55512
  55255
  54998
  53199
  53713
  53970
  53970
  55255
  56797
  57568
  58082
  58339
  58853
  59110
  59367
  59881
  60138
  60652
  60652
  60909
  61166
  61423
  61680
  61937
  61680
  61423
  44204
  26728
  32896
  34695
  38550
  57825
  61937
  53456
  31611
  35466
  38807
  37779
  37008
  33410
  19789
  23387
  29812
  31354
  28270
  30069
  36494
  34438
  28527
  45232
  59624
  59624
  59624
  59624
  59367
  59110
  58853
  58339
  58082
  57568
  57311
  57054
  56540
  56026
  55769
  55255
  54998
  52942
  53456
  53970
  53970
  55512
  56797
  57311
  57568
  58082
  58339
  59110
  59367
  59881
  59881
  60138
  60652
  60652
  60909
  61423
  61680
  61680
  61937
  61937
  54484
  28270
  30326
  33667
  33410
  49087
  61680
  56797
  33667
  35209
  37779
  37008
  36237
  37265
  22616
  18504
  25957
  30583
  30583
  28270
  32896
  33924
  29041
  43947
  59624
  59110
  59367
  59367
  59110
  58853
  58853
  58339
  58339
  57568
  57311
  56797
  56283
  56026
  55512
  55255
  54998
  52942
  53456
  53713
  53970
  55255
  56540
  57311
  57568
  58339
  58596
  59110
  59367
  59624
  59881
  60138
  60395
  60652
  60909
  61423
  61680
  61937
  61937
  61680
  59624
  33667
  27499
  32639
  35209
  42405
  58596
  58596
  38293
  35723
  37008
  37265
  37008
  38036
  26214
  15163
  22359
  29041
  30840
  30069
  30326
  33153
  29041
  41891
  59367
  59110
  59367
  59367
  59110
  58853
  58596
  58339
  58082
  57568
  57311
  56540
  56283
  56283
  55512
  55255
  54741
  52685
  53199
  53713
  53970
  54998
  56283
  56797
  57311
  58082
  58339
  58596
  59110
  59624
  59624
  59881
  60138
  60652
  60652
  60909
  61423
  61423
  61423
  60909
  60652
  44204
  24929
  32639
  36237
  39578
  48316
  56540
  42405
  37265
  38036
  38293
  38036
  38036
  31868
  14135
  16705
  27242
  32125
  32382
  31611
  32639
  32125
  39578
  58596
  59110
  59110
  59110
  59110
  58853
  58596
  58339
  58082
  57568
  57311
  56540
  56283
  56026
  55255
  54741
  54484
  52685
  52942
  53199
  53713
  54998
  56026
  56540
  57054
  57568
  58082
  58596
  58853
  59367
  59624
  59881
  59881
  60138
  60652
  60909
  61166
  61166
  60909
  60652
  60138
  52942
  27242
  29298
  36751
  39578
  40863
  42919
  39321
  38036
  39321
  39578
  38036
  37522
  35723
  21331
  12850
  23901
  33153
  33667
  33410
  32896
  32639
  35466
  56797
  58596
  58596
  59110
  58853
  58853
  58339
  58082
  57568
  57568
  57311
  57054
  56540
  56026
  55255
  54741
  54227
  52685
  52942
  53199
  53199
  54741
  55769
  56283
  57054
  57568
  58082
  58339
  58853
  59367
  59367
  59624
  59881
  59881
  60395
  60909
  61166
  61166
  60909
  60652
  59624
  58082
  37265
  25957
  34438
  38550
  40606
  40606
  39064
  38293
  39578
  40092
  38293
  37522
  35466
  31097
  17476
  18504
  29298
  34181
  34438
  34695
  32639
  31868
  53713
  58339
  58596
  58853
  58596
  58339
  58339
  58082
  57568
  57311
  57054
  56540
  56283
  55512
  54998
  54484
  53970
  52428
  52685
  52942
  53199
  54741
  55512
  56026
  56797
  57311
  57825
  58082
  58339
  58853
  59367
  59367
  59624
  60138
  60138
  60395
  60909
  60909
  60652
  60395
  60138
  59367
  51400
  26214
  31354
  37779
  41120
  39835
  38293
  37522
  38807
  39578
  39064
  37779
  35466
  35466
  26214
  14392
  22616
  32896
  34695
  34952
  33410
  30583
  48573
  58339
  58339
  58339
  58339
  58082
  58082
  57825
  57568
  57054
  56797
  56283
  55769
  55255
  54741
  54227
  53713
  52171
  52428
  52685
  53199
  54484
  55512
  56026
  56540
  57054
  57311
  57568
  58082
  58596
  58853
  59367
  59624
  60138
  60138
  60138
  60395
  60652
  60395
  59881
  59881
  59367
  57568
  34181
  28270
  37265
  39835
  38550
  37779
  37008
  38036
  39321
  39321
  37522
  35723
  36751
  31611
  16962
  19275
  28527
  34438
  34438
  33410
  30583
  43690
  57825
  57825
  58082
  58082
  58082
  57568
  57568
  57311
  57054
  56540
  56026
  55512
  55255
  54484
  53970
  53456
  51914
  52171
  52428
  52942
  53970
  54998
  55512
  56283
  56540
  57054
  57568
  57825
  58339
  58853
  59110
  59367
  59624
  59881
  60138
  60395
  60395
  60138
  60138
  59624
  59367
  58596
  46260
  25700
  33667
  37522
  37779
  38293
  37779
  37008
  38293
  38550
  38036
  37008
  36237
  32125
  21588
  20046
  25443
  30326
  33667
  32896
  30069
  39064
  56540
  57568
  57825
  57825
  57568
  57311
  57054
  56797
  56540
  56283
  55512
  55255
  54998
  53970
  53713
  53456
  51657
  52171
  52428
  52428
  53713
  54741
  55512
  55769
  56540
  57054
  57311
  57568
  58082
  58596
  59110
  59110
  59367
  59624
  60138
  60138
  60395
  60138
  59881
  59367
  58853
  58339
  53456
  29812
  30840
  36751
  37522
  38807
  38293
  36751
  36494
  37008
  39835
  37522
  34181
  30069
  24158
  18761
  25700
  29041
  31611
  31868
  29812
  34695
  54484
  57825
  57568
  57568
  57311
  57311
  57054
  56797
  56283
  55769
  55512
  55255
  54484
  53970
  53456
  53456
  51400
  51657
  52171
  52428
  53713
  54484
  55255
  55512
  56283
  56797
  57311
  57568
  58082
  58339
  58596
  58853
  59110
  59367
  59624
  60138
  60138
  59881
  59624
  59367
  59110
  58082
  56540
  38807
  30069
  33410
  36237
  38550
  38550
  37265
  36237
  37779
  39835
  36751
  33410
  29041
  25186
  22873
  21074
  29812
  31868
  29298
  27499
  28270
  51143
  57568
  57568
  57311
  57311
  57054
  57054
  56540
  56283
  55769
  55255
  54998
  54484
  53970
  53456
  53456
  51143
  51400
  51914
  52171
  53456
  54227
  54998
  55512
  56026
  56283
  56797
  57311
  57825
  58082
  58339
  58596
  58853
  59110
  59367
  59624
  59624
  59624
  59367
  59110
  58853
  58339
  57311
  46517
  28013
  31868
  34952
  37522
  38550
  37265
  37779
  38807
  39321
  35980
  34181
  28784
  25186
  28270
  24415
  27499
  31354
  28784
  25443
  22873
  47545
  57568
  57054
  57054
  57054
  56797
  56540
  56283
  55769
  55512
  54998
  54484
  54227
  53713
  53199
  53199
  50886
  51143
  51657
  51914
  52942
  53970
  54484
  54998
  55512
  55769
  56283
  56797
  57311
  57568
  58082
  58339
  58339
  58596
  59110
  59367
  59367
  59367
  59110
  58853
  58596
  58082
  57311
  52171
  28270
  30326
  33924
  36494
  37008
  37522
  39321
  38550
  38550
  35723
  34695
  28527
  26214
  31097
  28784
  31097
  30840
  27499
  24672
  20046
  43947
  56797
  56797
  57054
  56797
  56540
  56283
  56026
  55255
  55255
  54484
  54227
  53970
  53199
  53199
  52942
  50372
  50629
  51143
  51400
  52428
  53456
  54227
  54484
  55255
  55512
  56026
  56283
  57054
  57568
  57825
  58082
  58082
  58339
  58596
  59110
  59367
  59367
  59110
  58853
  58339
  57825
  57054
  54741
  30840
  27499
  31868
  35209
  36237
  38293
  39064
  38036
  38036
  36751
  33667
  27242
  26728
  29812
  31611
  30840
  31611
  27242
  23130
  19532
  40863
  56540
  56283
  56283
  56283
  56026
  55769
  55255
  54998
  54484
  54227
  53970
  53199
  52942
  52685
  52685
  50115
  50372
  50886
  51143
  52428
  53199
  53713
  53970
  54741
  55255
  55512
  56026
  56540
  57054
  57311
  57568
  57825
  58082
  58339
  58596
  58596
  58596
  58596
  58596
  58082
  57568
  56797
  56026
  35723
  23644
  29298
  34695
  36751
  37779
  38550
  37779
  37522
  36237
  32896
  26214
  26728
  29298
  27756
  29555
  29041
  26214
  23130
  19532
  39321
  56283
  56283
  56283
  56026
  55769
  55512
  55255
  54741
  54227
  53970
  53456
  52942
  52685
  52428
  52171
  49344
  49858
  50115
  50629
  51914
  52685
  53199
  53456
  54227
  54741
  55255
  55512
  56283
  56540
  56797
  57311
  57568
  57825
  58082
  58082
  58339
  58339
  58339
  58082
  57825
  57054
  56540
  56283
  42148
  21331
  27756
  34695
  36494
  37265
  37522
  37522
  37265
  35980
  32639
  24672
  25957
  28013
  29298
  27499
  28013
  25957
  22873
  20046
  38293
  55769
  55769
  56026
  55769
  55255
  54998
  54741
  54227
  53970
  53456
  53199
  52685
  52428
  52171
  51914
  49344
  49601
  50115
  50372
  51400
  52171
  52942
  53199
  53713
  54484
  54741
  55255
  55512
  56026
  56283
  56797
  57054
  57311
  57568
  57825
  58082
  58082
  58082
  57825
  57568
  57054
  56540
  55769
  48573
  23644
  27499
  33667
  36237
  37522
  37008
  37008
  36751
  35466
  32125
  24158
  23387
  25957
  29555
  29298
  26471
  24672
  21845
  19789
  37008
  55255
  55512
  55769
  55512
  55255
  54998
  54484
  53713
  53456
  53199
  52685
  52428
  52171
  51657
  51400
  48573
  49087
  49344
  49858
  50886
  51657
  52428
  52685
  52942
  53456
  54227
  54484
  54998
  55512
  56026
  56283
  56540
  57054
  57311
  57568
  57568
  57568
  57825
  57825
  57311
  57054
  56283
  55512
  52942
  29812
  25700
  31868
  35723
  37265
  37008
  36494
  35980
  34952
  31354
  23644
  20560
  24672
  27242
  28270
  24672
  22102
  20303
  18761
  34695
  54741
  54998
  54998
  54998
  54741
  54227
  53970
  53199
  52942
  52428
  52171
  51914
  51657
  51400
  50886
  48316
  48573
  48830
  49344
  50629
  51400
  51914
  52171
  52685
  53199
  53713
  53970
  54484
  54998
  55512
  55769
  56026
  56540
  56540
  57054
  57311
  57311
  57568
  57568
  57054
  56797
  56283
  55255
  54484
  36237
  23130
  30326
  34438
  36237
  35980
  35980
  35980
  34695
  31097
  23901
  18504
  22616
  25443
  25186
  22102
  20560
  19018
  17733
  31868
  54227
  54741
  54741
  54484
  54227
  53456
  53456
  52942
  52428
  52171
  51914
  51400
  51400
  51143
  50886
  47802
  48059
  48573
  49087
  50372
  51143
  51657
  51914
  52428
  52685
  52942
  53456
  53970
  54741
  55255
  54998
  55512
  56026
  56026
  56283
  56540
  56797
  57054
  57054
  56797
  56540
  56283
  55255
  54484
  43690
  22102
  28013
  32125
  34695
  34952
  35466
  35209
  34181
  31097
  24929
  18504
  19789
  22359
  22359
  20046
  18504
  17476
  16705
  29041
  53199
  54227
  54227
  53970
  53456
  53199
  52685
  52171
  51914
  51400
  51400
  50886
  50629
  50629
  50115
  47288
  47545
  47802
  48316
  50115
  50886
  51143
  51400
  51914
  52171
  52685
  53199
  53456
  53970
  54484
  54741
  54998
  55512
  55769
  56026
  56283
  56283
  56797
  56797
  56540
  56283
  55769
  55255
  54227
  48830
  24672
  24929
  29555
  32896
  33924
  35466
  34438
  33410
  30583
  25443
  20303
  18761
  21074
  20303
  17476
  16448
  15163
  15420
  26985
  52428
  53456
  53456
  53456
  53199
  52685
  52171
  51400
  51143
  50886
  50886
  50372
  50115
  49858
  49601
  46774
  47031
  47288
  47802
  49858
  50372
  50886
  51143
  51657
  52171
  52428
  52942
  53456
  53713
  53713
  54227
  54484
  54998
  55255
  55512
  55769
  56026
  56283
  56283
  56283
  56026
  55512
  54998
  54227
  51657
  30069
  21588
  26985
  31097
  32896
  34952
  34438
  32896
  29555
  25957
  21845
  18761
  21074
  20303
  16191
  14649
  13621
  13878
  25443
  52171
  53199
  53199
  52942
  52685
  52171
  51657
  51143
  50886
  50629
  50372
  50115
  49601
  49344
  48830
  46260
  46517
  46774
  47288
  49087
  49858
  50372
  50629
  51400
  51914
  52171
  52428
  53199
  53199
  53456
  53713
  53970
  54484
  54741
  54741
  55255
  55255
  55769
  55769
  55769
  55512
  55255
  54741
  54227
  52942
  38036
  19275
  24415
  28527
  31611
  33667
  33410
  32896
  28784
  26728
  22359
  19018
  19018
  18761
  15420
  13621
  13107
  13621
  24158
  50886
  52428
  52428
  52171
  51914
  51400
  51143
  50629
  50629
  50115
  49858
  49344
  49087
  48830
  48573
  45489
  45746
  46260
  46774
  48316
  49344
  49858
  50115
  50886
  51143
  51657
  51914
  52428
  52685
  52942
  53456
  53456
  53970
  53970
  54484
  54741
  54741
  54998
  55255
  55255
  54998
  54741
  54484
  53713
  53199
  44461
  20046
  21588
  26471
  29812
  32896
  33153
  32639
  28527
  26728
  22359
  19275
  17990
  15163
  14135
  14392
  12850
  13107
  22102
  50115
  51657
  51914
  51657
  51657
  51400
  50886
  50629
  50372
  49858
  49601
  49087
  48830
  48316
  48059
  45232
  45232
  45746
  46260
  47802
  48573
  49087
  49601
  50372
  50372
  50886
  51400
  51657
  52171
  52428
  52428
  52942
  53456
  53456
  53970
  54484
  54484
  54484
  54484
  54484
  54484
  54227
  54227
  53456
  52685
  49601
  24929
  18761
  24158
  27242
  30840
  32125
  32382
  29555
  26471
  22873
  19018
  16962
  14906
  12079
  11051
  12850
  13621
  19532
  48830
  51143
  51400
  51143
  51143
  50629
  50372
  50115
  49858
  49344
  48830
  48573
  48316
  48059
  47288
  44718
  44718
  45232
  45746
  47545
  48316
  48573
  49344
  50115
  50372
  50629
  50629
  51143
  51657
  51914
  52171
  52685
  52942
  53199
  53456
  53713
  53970
  53970
  53970
  53970
  53970
  53713
  53713
  53456
  52171
  51400
  33667
  16191
  21845
  25186
  28527
  30583
  31611
  29298
  26471
  23644
  20046
  16962
  15163
  13107
  12593
  13364
  13364
  17990
  46774
  50372
  50629
  50629
  50629
  50372
  49858
  49601
  49344
  48830
  48573
  48059
  47802
  47545
  47031
  43947
  44204
  44461
  45489
  47288
  47802
  48316
  48573
  49344
  49858
  50115
  50372
  50886
  51143
  51400
  51914
  52171
  52428
  52685
  52685
  53199
  53456
  53456
  53456
  53456
  53456
  53456
  52942
  52685
  51657
  51143
  42662
  18247
  18504
  22616
  25957
  27756
  29555
  28270
  24415
  23130
  20817
  19018
  17219
  16705
  15677
  15163
  14649
  16705
  43433
  49858
  49858
  49858
  49858
  49601
  49344
  49087
  48830
  48316
  47802
  47545
  47288
  47031
  46517
  43433
  43690
  43947
  44718
  46517
  47288
  47802
  48316
  48830
  49087
  49601
  49858
  50372
  50629
  50886
  51143
  51657
  51914
  52171
  52428
  52685
  52685
  52685
  52942
  52942
  52942
  52685
  52428
  52171
  51400
  50372
  47545
  24929
  15163
  20303
  23644
  25700
  26728
  26728
  23644
  20303
  18504
  17990
  17219
  16962
  17219
  16448
  15420
  15677
  39578
  49344
  49344
  49087
  49087
  49087
  48830
  48573
  48316
  47802
  47545
  47288
  46774
  46517
  46003
  42919
  43176
  43176
  44204
  46003
  46774
  47288
  47545
  48059
  48573
  49087
  49087
  49858
  50115
  50372
  50629
  50629
  51143
  51400
  51657
  51914
  52171
  52171
  52428
  52428
  52428
  51914
  51657
  51657
  50886
  50115
  48830
  35209
  13621
  17219
  20817
  23644
  24929
  26471
  24415
  19018
  16191
  15677
  16191
  16448
  17219
  17219
  15677
  14649
  34695
  48059
  48573
  48573
  48573
  48316
  48059
  47802
  47545
  47288
  47031
  46774
  46260
  45746
  45232
  42148
  42405
  42919
  43690
  45489
  46003
  46774
  47031
  47288
  47802
  48316
  48573
  49087
  49344
  49601
  50115
  50115
  50372
  50886
  51143
  51143
  51143
  51400
  51400
  51657
  51914
  51914
  51400
  51143
  50115
  49858
  48316
  44204
  16705
  14135
  17219
  20560
  23644
  25186
  25700
  23130
  20046
  19275
  19789
  19018
  19275
  18504
  16705
  14392
  29041
  46260
  47031
  47545
  47802
  47802
  47288
  47031
  46774
  46517
  46260
  45746
  45489
  45232
  44718
  41634
  41891
  42405
  43433
  44975
  45746
  46260
  46517
  47031
  47288
  47802
  48059
  48316
  48830
  49087
  49344
  49601
  50115
  50115
  50372
  50629
  50629
  50629
  50629
  50886
  51143
  51143
  50886
  50629
  49601
  49087
  48059
  47031
  28013
   9766
  14392
  17476
  20560
  22873
  24158
  23901
  21331
  19789
  19275
  18761
  20046
  19018
  16448
  14392
  22616
  43690
  46517
  46774
  47031
  47031
  46517
  46517
  46260
  46003
  45746
  45232
  44975
  44718
  44204
  40863
  41120
  41634
  42662
  44461
  44975
  45489
  45746
  46260
  46774
  47031
  47545
  47802
  48059
  48316
  48830
  48830
  49344
  49601
  49858
  49858
  49858
  50115
  50115
  50115
  50115
  50115
  50115
  49858
  48830
  48573
  47031
  46517
  38550
  11822
  11565
  14392
  16448
  19532
  21588
  23130
  22359
  19532
  18761
  19789
  21074
  19275
  15934
  14135
  16191
  39578
  46003
  45746
  46003
  46260
  45746
  45746
  45489
  44975
  44718
  44204
  44204
  43947
  43433